
001 05		5
002 09		9
003 23 02	STO 2
004 01		1
005 04		4
006 31		ENTER
007 24 04	RCL 4
008 41		-
009 01		1
010 02		2
011 71		/
012 14 01	f INT
013 23 08	STO 8
014 01		1
015 02		2
016 61		*
017 24 04	RCL 4
018 51		+
019 03		3
020 41		-
021 01		1
022 05		5
023 03		3
024 61		*
025 02		2
026 51		+
027 05		5
028 71		/
029 14 01	f INT
030 24 03	RCL 3
031 04		4
032 08		8
033 00		0
034 00		0
035 51		+
036 24 08	RCL 8
037 41		-
038 31		ENTER
039 04		4
040 71		/
041 14 01	f INT
042 21		X <> Y
043 03		3
044 06		6
045 05		5
046 61		*
047 51		+
048 51		+
049 14 13 09	f ENG 9

REG 0 = Time
REG 1 = Time Zone
REG 2 = Goto Program
REG 3 = Year
REG 4 = Month
REG 5 = Day
